0	0
1	0
2	0
3	0
4	0
5	0
6	0
7	0
8	0
9	0
10	0
11	0
12	0
13	0
14	0
15	0
16	0
17	0
18	0
19	74.9656
20	74.3591
21	73.4916
22	72.438
23	71.3994
24	70.886
25	70.4394
26	70.1223
27	69.8698
28	69.555
29	69.117
30	68.4959
31	67.9417
32	67.5749
33	66.7265
34	65.2377
35	60.7482
36	60.0397
37	59.7153
38	59.1789
39	58.9656
40	58.1727
41	57.3387
42	56.4146
43	55.3556
44	54.4635
45	54.0717
46	53.4893
47	53.0565
48	52.2015
49	51.4067
50	50.8988
51	50.3051
52	49.6735
53	48.9172
54	48.1289
55	47.6535
56	47.1401
57	46.7165
58	46.4643
59	46.13
60	45.3456
61	44.8168
62	44.374
63	44.0149
64	43.8564
65	43.9357
66	44.0945
67	44.2141
68	44.374
69	44.5748
70	44.7359
71	44.8572
72	45.0601
73	45.4276
74	45.7155
75	45.9638
76	46.2134
77	46.5062
78	47.0976
79	48.0854
80	48.873
81	50.3051
82	51.0829
83	51.2676
84	51.5927
85	52.1544
86	53.2483
87	54.8086
88	56.1607
89	56.8748
90	57.5459
91	58.2253
92	59.9314
93	61.4096
94	62.8678
95	63.7246
96	64.1285
97	64.8855
98	65.6512
99	67.5749
100	69.3671
101	70.9498
102	72.1771
103	72.2423
104	71.5285
105	71.0781
106	70.8221
107	70.5667
108	70.3125
109	69.9958
110	70.059
111	70.1223
112	70.1223
113	70.1223
114	70.1223
115	70.1857
116	70.3125
117	70.5667
118	70.8221
119	71.2709
120	71.6578
121	71.9818
122	72.1119
123	72.3075
124	72.5034
125	72.7658
126	73.0948
127	73.4919
128	73.691
129	74.0244
130	74.898
131	75.5771
132	76.2621
133	76.9536
134	77.4412
135	78.1434
136	78.6386
137	79.7824
138	80.9429
139	81.8245
140	82.9397
141	83.39
142	83.0897
143	82.7901
144	81.8245
145	81.6031
146	81.4559
147	80.1435
148	79.9989
149	79.9989
150	79.9267
151	79.8545
152	79.7824
153	79.7824
154	79.7824
155	79.9267
156	80.0712
157	80.5059
158	81.4559
159	0
160	0
161	0
162	0
163	0
164	0
165	0
166	0
167	0
168	0
169	0
170	0
171	0
172	0
173	0
174	0
175	0
176	0
177	0
178	0
179	0
180	0
181	0
182	0
183	0
184	0
185	0
186	76.8841
187	77.1623
188	78.1434
189	78.4262
190	78.7097
191	78.9232
192	79.0655
193	79.4951
194	79.7824
195	79.9989
196	80.3606
197	80.7239
198	81.016
199	81.3092
200	81.4559
201	81.6031
202	81.7506
203	81.8981
204	82.1203
205	82.343
206	82.5661
207	82.7153
208	82.8649
209	83.0147
210	83.2395
211	83.3147
212	83.39
213	83.3147
214	83.3147
215	83.2395
216	83.2395
217	83.1644
218	83.0897
219	82.8649
220	82.6407
221	82.343
222	81.8984
223	81.6031
224	81.3823
225	81.016
226	80.5786
227	79.9267
228	78.852
229	76.8841
230	73.8242
231	72.8973
232	72.6345
233	71.9818
234	70.886
235	69.9326
236	65.2967
237	0
238	0
239	0
240	0
241	0
242	0
243	0
244	0
245	0
246	0
247	0
248	0
249	0
250	0
251	0
252	0
253	0
254	0
255	0
256	0
257	0
258	0
259	0
260	0
261	0
262	0
263	0
264	0
265	0
266	0
267	0
268	0
269	0
270	0
271	0
272	0
273	0
274	0
275	0
276	0
277	0
278	0
279	0
280	0
281	0
282	0
283	0
284	0
285	0
286	0
287	0
288	0
289	0
290	0
291	0
292	0
293	0
294	0
295	0
296	0
297	0
298	0
299	0
300	0
301	0
302	0
303	0
304	0
305	0
306	0
307	0
308	0
309	0
310	0
311	0
312	0
313	0
314	0
315	0
316	0
317	0
318	0
319	0
320	0
321	0
322	0
323	0
324	0
325	0
326	0
327	0
328	0
329	0
330	0
331	0
332	0
333	0
334	0
335	0
336	0
337	0
338	0
339	0
340	0
341	0
342	0
343	0
344	0
345	0
346	0
347	0
348	0
349	0
350	0
351	0
352	0
353	0
354	0
355	47.4817
356	47.5246
357	47.5675
358	47.6105
359	47.8258
360	48.1723
361	48.8289
362	49.3607
363	50.169
364	50.8528
365	51.3139
366	52.0603
367	52.4849
368	53.2483
369	53.8283
370	54.1694
371	54.3652
372	54.5619
373	54.9573
374	55.4056
375	55.7064
376	56.2115
377	56.5677
378	56.9262
379	57.65
380	58.1727
381	58.9656
382	60.4202
383	0
384	0
385	0
386	0
387	0
388	0
389	0
390	0
391	0
392	0
393	0
394	0
395	0
396	0
397	0
398	0
399	0
400	0
401	0
402	72.8315
403	72.9632
404	73.691
405	74.158
406	75.3726
407	76.331
408	76.8841
409	77.232
410	77.932
411	78.214
412	78.7097
413	79.7824
414	81.3823
415	83.0147
416	84.7559
417	0
418	0
419	0
420	0
421	0
422	0
423	0
424	0
425	76.8841
426	75.5771
427	75.3046
428	75.1009
429	74.7628
430	75.1009
431	75.2366
432	75.3726
433	75.5771
434	75.7818
435	75.9874
436	75.9874
437	75.9188
438	75.7818
439	75.6451
440	75.5771
441	75.4407
442	75.1687
443	73.9576
444	72.6345
445	66.6061
446	64.7099
447	63.9552
448	63.4378
449	62.5848
450	61.5206
451	60.2024
452	58.9656
453	58.0153
454	57.5979
455	56.8748
456	56.4146
457	55.6058
458	54.8086
459	54.3161
460	53.6826
461	53.3446
462	53.2483
463	53.1522
464	52.913
465	52.2959
466	51.4531
467	50.3506
468	49.8531
469	49.2272
470	48.8289
471	48.303
472	48.0854
473	47.7826
474	47.5675
475	47.396
476	47.2253
477	47.0976
478	47.0126
479	46.8856
480	46.7587
481	46.7587
482	46.7165
483	46.6744
484	46.6324
485	46.5903
486	46.5483
487	46.5903
488	46.6744
489	46.7165
490	46.801
491	46.9279
492	47.0126
493	47.1401
494	47.1827
495	47.3107
496	47.4389
497	47.6105
498	47.9555
499	48.2159
500	48.5214
501	49.0499
502	49.3162
503	50.169
504	51.3603
505	53.2003
506	53.3446
507	52.2015
508	50.2144
509	48.6531
510	47.9988
511	47.4389
512	47.0976
513	46.7165
514	46.4643
515	46.2551
516	46.2551
517	46.2967
518	46.3386
519	46.5062
520	46.8856
521	47.2253
522	47.6105
523	48.0854
524	48.4339
525	48.8289
526	49.2272
527	49.7184
528	50.1239
529	50.4416
530	50.853
531	51.0829
532	51.3139
533	51.6391
534	52.1073
535	52.5323
536	53.2003
537	53.6826
538	54.2183
539	54.5619
540	55.4554
541	56.4656
542	58.806
543	61.4096
544	61.799
545	62.4719
546	0
547	0
548	0
549	72.6345
550	73.558
551	73.9576
552	74.898
553	77.1623
554	79.5666
555	79.9989
556	80.5059
557	81.0892
558	81.6031
559	82.2687
560	82.7901
561	83.1644
562	83.5407
563	83.9185
564	84.2221
565	84.4503
566	84.6794
567	84.9088
568	85.524
569	85.9887
570	86.2216
571	86.2216
572	86.2995
573	86.2995
574	86.2995
575	86.3775
576	86.3775
577	86.2995
578	86.2216
579	86.2216
580	86.0664
581	85.9111
582	85.7561
583	85.6013
584	85.4472
585	85.293
586	85.0622
587	84.9091
588	84.8325
589	84.7559
590	84.8325
591	84.9091
592	84.9855
593	85.216
594	85.4472
595	85.8335
596	85.216
597	0
598	0
599	70.6943
600	70.059
601	69.3668
602	69.2419
603	68.8678
604	67.697
605	67.453
606	66.9075
607	66.7265
608	66.546
609	66.4859
610	66.4859
611	66.4859
612	66.4261
613	66.3662
614	66.3063
615	66.0672
616	65.4147
617	64.013
618	62.6979
619	61.4651
620	60.5839
621	60.2024
622	59.9314
623	59.6075
624	59.2857
625	59.1255
626	59.0188
627	58.9656
628	59.0722
629	59.2322
630	59.6078
631	59.8232
632	59.9855
633	60.2024
634	60.3112
635	60.4748
636	60.6386
637	60.858
638	61.1332
639	61.4651
640	61.6875
641	61.5762
642	61.4651
643	61.3542
644	61.1884
645	60.9678
646	60.7482
647	60.4202
648	60.0395
649	59.8232
650	59.6078
651	59.3929
652	59.1787
653	59.1255
654	59.1255
655	59.1255
656	59.1255
657	59.1787
658	59.3392
659	0
660	0
661	0
662	0
663	0
664	0
665	0
666	0
667	0
668	0
669	0
670	0
671	0
672	0
673	0
674	0
675	0
676	59.8232
677	60.148
678	60.4746
679	60.7482
680	61.4096
681	62.4155
682	63.3805
683	64.013
684	64.3605
685	64.8269
686	65.2967
687	66.2464
688	67.7582
689	69.555
690	70.5667
691	71.1423
692	71.9168
693	72.6345
694	73.8909
695	75.9188
696	78.2847
697	79.2085
698	79.9267
699	80.8699
700	82.7901
701	84.2979
702	84.8325
703	85.216
704	85.524
705	86.2216
706	86.5336
707	87.3971
708	88.1096
709	89.8769
710	91.2662
711	91.6792
712	92.6773
713	92.9287
714	93.265
715	94.1953
716	94.3656
717	94.5362
718	95.6518
719	95.9979
720	0
721	0
722	0
723	0
724	0
725	0
726	0
727	0
728	108.731
729	109.124
730	109.42
731	0
732	0
733	0
734	0
735	0
736	0
737	0
738	0
739	0
740	0
741	0
742	0
743	0
744	0
745	0
746	0
747	0
748	0
749	0
750	0
751	0
752	0
753	0
754	0
755	0
756	0
757	0
758	0
