0	0
1	0
2	0
3	0
4	0
5	0
6	0
7	0
8	0
9	0
10	0
11	0
12	0
13	0
14	0
15	0
16	0
17	0
18	0
19	299.863
20	297.437
21	293.966
22	289.752
23	285.598
24	283.544
25	281.757
26	280.489
27	279.479
28	278.22
29	276.468
30	273.984
31	271.767
32	270.3
33	266.906
34	260.951
35	242.993
36	240.159
37	238.861
38	236.716
39	235.862
40	232.691
41	229.355
42	225.659
43	221.422
44	217.854
45	216.287
46	213.957
47	212.226
48	208.806
49	205.627
50	203.595
51	201.221
52	198.694
53	195.669
54	192.515
55	190.614
56	188.56
57	186.866
58	185.857
59	184.52
60	181.382
61	179.267
62	177.496
63	176.06
64	175.426
65	175.743
66	176.378
67	176.857
68	177.496
69	178.299
70	178.944
71	179.429
72	180.24
73	181.71
74	182.862
75	183.855
76	184.854
77	186.025
78	188.39
79	192.342
80	195.492
81	201.221
82	204.332
83	205.07
84	206.371
85	208.618
86	212.993
87	219.235
88	224.643
89	227.499
90	230.184
91	232.901
92	239.726
93	245.638
94	251.471
95	254.898
96	256.514
97	259.542
98	262.605
99	270.3
100	277.468
101	283.799
102	288.708
103	288.969
104	286.114
105	284.312
106	283.288
107	282.267
108	281.25
109	279.983
110	280.236
111	280.489
112	280.489
113	280.489
114	280.489
115	280.743
116	281.25
117	282.267
118	283.288
119	285.083
120	286.631
121	287.927
122	288.448
123	289.23
124	290.014
125	291.063
126	292.379
127	293.968
128	294.764
129	296.098
130	299.592
131	302.308
132	305.048
133	307.814
134	309.765
135	312.574
136	314.554
137	319.13
138	323.772
139	327.298
140	331.759
141	333.56
142	332.359
143	331.16
144	327.298
145	326.412
146	325.823
147	320.574
148	319.996
149	319.996
150	319.707
151	319.418
152	319.13
153	319.13
154	319.13
155	319.707
156	320.285
157	322.023
158	325.823
159	0
160	0
161	0
162	0
163	0
164	0
165	0
166	0
167	0
168	0
169	0
170	0
171	0
172	0
173	0
174	0
175	0
176	0
177	0
178	0
179	0
180	0
181	0
182	0
183	0
184	0
185	0
186	307.536
187	308.649
188	312.574
189	313.705
190	314.839
191	315.693
192	316.262
193	317.98
194	319.13
195	319.996
196	321.442
197	322.896
198	324.064
199	325.237
200	325.823
201	326.412
202	327.003
203	327.592
204	328.481
205	329.372
206	330.264
207	330.861
208	331.459
209	332.059
210	332.958
211	333.259
212	333.56
213	333.259
214	333.259
215	332.958
216	332.958
217	332.658
218	332.359
219	331.459
220	330.563
221	329.372
222	327.594
223	326.412
224	325.529
225	324.064
226	322.314
227	319.707
228	315.408
229	307.536
230	295.297
231	291.589
232	290.538
233	287.927
234	283.544
235	279.73
236	261.187
237	0
238	0
239	0
240	0
241	0
242	0
243	0
244	0
245	0
246	0
247	0
248	0
249	0
250	0
251	0
252	0
253	0
254	0
255	0
256	0
257	0
258	0
259	0
260	0
261	0
262	0
263	0
264	0
265	0
266	0
267	0
268	0
269	0
270	0
271	0
272	0
273	0
274	0
275	0
276	0
277	0
278	0
279	0
280	0
281	0
282	0
283	0
284	0
285	0
286	0
287	0
288	0
289	0
290	0
291	0
292	0
293	0
294	0
295	0
296	0
297	0
298	0
299	0
300	0
301	0
302	0
303	0
304	0
305	0
306	0
307	0
308	0
309	0
310	0
311	0
312	0
313	0
314	0
315	0
316	0
317	0
318	0
319	0
320	0
321	0
322	0
323	0
324	0
325	0
326	0
327	0
328	0
329	0
330	0
331	0
332	0
333	0
334	0
335	0
336	0
337	0
338	0
339	0
340	0
341	0
342	0
343	0
344	0
345	0
346	0
347	0
348	0
349	0
350	0
351	0
352	0
353	0
354	0
355	189.927
356	190.098
357	190.27
358	190.442
359	191.303
360	192.689
361	195.316
362	197.443
363	200.676
364	203.411
365	205.256
366	208.241
367	209.94
368	212.993
369	215.313
370	216.678
371	217.461
372	218.248
373	219.829
374	221.622
375	222.825
376	224.846
377	226.271
378	227.705
379	230.6
380	232.691
381	235.862
382	241.681
383	0
384	0
385	0
386	0
387	0
388	0
389	0
390	0
391	0
392	0
393	0
394	0
395	0
396	0
397	0
398	0
399	0
400	0
401	0
402	291.326
403	291.853
404	294.764
405	296.632
406	301.49
407	305.324
408	307.536
409	308.928
410	311.728
411	312.856
412	314.839
413	319.13
414	325.529
415	332.059
416	339.023
417	0
418	0
419	0
420	0
421	0
422	0
423	0
424	0
425	307.536
426	302.308
427	301.218
428	300.403
429	299.051
430	300.403
431	300.946
432	301.49
433	302.308
434	303.127
435	303.95
436	303.95
437	303.675
438	303.127
439	302.58
440	302.308
441	301.763
442	300.675
443	295.831
444	290.538
445	266.424
446	258.84
447	255.821
448	253.751
449	250.339
450	246.083
451	240.809
452	235.862
453	232.061
454	230.392
455	227.499
456	225.659
457	222.423
458	219.235
459	217.265
460	214.731
461	213.378
462	212.993
463	212.609
464	211.652
465	209.184
466	205.812
467	201.402
468	199.412
469	196.909
470	195.316
471	193.212
472	192.342
473	191.13
474	190.27
475	189.584
476	188.901
477	188.39
478	188.05
479	187.542
480	187.035
481	187.035
482	186.866
483	186.697
484	186.53
485	186.361
486	186.193
487	186.361
488	186.697
489	186.866
490	187.204
491	187.712
492	188.05
493	188.56
494	188.731
495	189.243
496	189.755
497	190.442
498	191.822
499	192.863
500	194.086
501	196.2
502	197.265
503	200.676
504	205.441
505	212.801
506	213.378
507	208.806
508	200.857
509	194.612
510	191.995
511	189.755
512	188.39
513	186.866
514	185.857
515	185.021
516	185.021
517	185.187
518	185.354
519	186.025
520	187.542
521	188.901
522	190.442
523	192.342
524	193.735
525	195.316
526	196.909
527	198.874
528	200.496
529	201.766
530	203.412
531	204.332
532	205.256
533	206.556
534	208.429
535	210.129
536	212.801
537	214.731
538	216.873
539	218.248
540	221.822
541	225.862
542	235.224
543	245.638
544	247.196
545	249.887
546	0
547	0
548	0
549	290.538
550	294.232
551	295.831
552	299.592
553	308.649
554	318.266
555	319.996
556	322.023
557	324.357
558	326.412
559	329.075
560	331.16
561	332.658
562	334.163
563	335.674
564	336.889
565	337.801
566	338.717
567	339.635
568	342.096
569	343.955
570	344.886
571	344.886
572	345.198
573	345.198
574	345.198
575	345.51
576	345.51
577	345.198
578	344.886
579	344.886
580	344.265
581	343.644
582	343.024
583	342.405
584	341.789
585	341.172
586	340.249
587	339.636
588	339.33
589	339.023
590	339.33
591	339.636
592	339.942
593	340.864
594	341.789
595	343.334
596	340.864
597	0
598	0
599	282.777
600	280.236
601	277.467
602	276.968
603	275.471
604	270.788
605	269.812
606	267.63
607	266.906
608	266.184
609	265.944
610	265.944
611	265.944
612	265.705
613	265.465
614	265.225
615	264.269
616	261.659
617	256.052
618	250.792
619	245.86
620	242.336
621	240.809
622	239.726
623	238.43
624	237.143
625	236.502
626	236.075
627	235.862
628	236.289
629	236.929
630	238.431
631	239.293
632	239.942
633	240.809
634	241.245
635	241.899
636	242.554
637	243.432
638	244.533
639	245.86
640	246.75
641	246.305
642	245.86
643	245.417
644	244.754
645	243.871
646	242.993
647	241.681
648	240.158
649	239.293
650	238.431
651	237.571
652	236.715
653	236.502
654	236.502
655	236.502
656	236.502
657	236.715
658	237.357
659	0
660	0
661	0
662	0
663	0
664	0
665	0
666	0
667	0
668	0
669	0
670	0
671	0
672	0
673	0
674	0
675	0
676	239.293
677	240.592
678	241.898
679	242.993
680	245.638
681	249.662
682	253.522
683	256.052
684	257.442
685	259.308
686	261.187
687	264.986
688	271.033
689	278.22
690	282.267
691	284.569
692	287.667
693	290.538
694	295.563
695	303.675
696	313.139
697	316.834
698	319.707
699	323.479
700	331.16
701	337.192
702	339.33
703	340.864
704	342.096
705	344.886
706	346.134
707	349.589
708	352.439
709	359.507
710	365.065
711	366.717
712	370.709
713	371.715
714	373.06
715	376.781
716	377.462
717	378.145
718	382.607
719	383.992
720	0
721	0
722	0
723	0
724	0
725	0
726	0
727	0
728	434.923
729	436.496
730	437.679
731	0
732	0
733	0
734	0
735	0
736	0
737	0
738	0
739	0
740	0
741	0
742	0
743	0
744	0
745	0
746	0
747	0
748	0
749	0
750	0
751	0
752	0
753	0
754	0
755	0
756	0
757	0
758	0
